,0,1,2,3,4,5,6,7,8
0,1,3,3,4,1,2,3,2,2
1,1,3,2,4,1,1,2,2,2
2,1,3,2,4,1,1,3,2,2
3,1,3,2,4,1,1,3,2,2
4,1,3,2,4,1,1,3,2,2
5,1,3,2,4,1,1,3,2,2
6,1,3,2,4,1,1,3,2,2
7,1,3,2,4,1,1,3,3,3
8,1,3,2,4,1,1,3,2,3
9,1,3,2,4,1,1,3,3,2
10,1,3,2,4,1,1,3,3,2
11,1,3,2,4,1,1,3,3,2
12,4,3,2,4,1,1,3,2,2
13,4,3,2,4,1,1,3,2,2
14,4,3,2,4,1,1,3,2,2
15,4,3,2,4,1,1,3,2,2
16,4,3,2,4,1,1,3,2,2
17,4,3,2,4,1,1,3,2,2
18,4,3,2,4,1,1,3,2,2
19,4,3,2,4,1,1,3,2,3
20,4,3,2,4,1,1,3,2,3
21,4,3,2,4,1,1,3,2,3
22,4,3,2,4,1,1,3,2,3
23,4,3,2,4,1,1,3,2,3
24,4,3,2,4,1,1,3,2,3
25,4,3,2,4,1,1,3,2,3
26,4,3,2,4,1,1,3,2,3
27,4,3,2,4,1,1,3,2,3
28,4,3,2,2,1,1,2,2,2
29,4,3,2,2,1,1,3,2,2
30,4,3,2,2,1,1,3,2,2
31,4,3,2,4,1,1,2,2,2
32,4,3,2,4,1,1,2,2,2
33,4,3,2,4,1,1,2,2,2
34,4,3,2,4,1,1,2,2,2
35,4,3,2,4,1,1,2,2,2
36,4,3,2,4,1,1,2,2,2
37,4,3,2,4,1,1,2,2,2
38,4,3,2,4,1,1,2,2,2
39,4,3,2,4,1,1,2,2,2
40,4,3,2,4,1,1,2,2,2
41,4,3,2,4,1,1,2,2,2
42,4,3,2,4,1,1,2,2,2
43,4,3,2,4,1,1,2,2,2
44,4,3,2,4,1,1,2,2,2
45,4,3,2,4,1,1,2,2,2
46,4,3,2,4,1,1,2,2,2
47,4,3,2,4,1,1,2,2,2
48,4,3,2,4,1,1,2,2,2
49,4,3,2,4,1,1,2,2,2
50,4,3,2,4,1,1,2,2,2
51,1,3,2,4,2,2,2,2,2
52,1,3,2,4,2,2,3,2,2
53,1,3,2,4,2,1,2,2,2
54,1,3,2,4,2,1,2,2,2
55,1,3,2,4,2,1,2,2,2
56,1,3,2,4,2,1,2,2,2
57,1,3,2,4,2,1,2,2,2
58,1,3,2,4,2,1,2,2,2
59,1,3,2,4,2,1,3,2,3
60,1,3,2,4,2,1,3,2,3
61,1,3,2,4,2,1,3,2,3
62,1,3,2,4,2,1,3,2,3
63,1,3,2,4,2,1,3,2,3
64,1,3,2,4,2,1,3,2,2
65,1,3,2,4,2,1,3,2,2
66,1,3,2,4,2,1,3,2,2
67,1,3,2,4,2,1,3,2,2
68,1,3,2,4,2,1,3,2,2
69,1,3,2,4,2,1,3,2,2
70,1,3,2,4,2,1,3,2,2
71,1,3,2,4,2,1,3,2,2
72,1,3,2,4,2,1,3,2,2
73,1,3,2,4,2,1,3,2,2
74,1,3,2,4,2,1,3,2,2
75,1,3,2,4,2,1,3,2,2
76,1,3,2,4,2,1,3,2,2
77,1,3,2,4,2,1,3,2,2
78,1,3,2,4,2,1,3,2,2
79,1,3,2,4,2,1,3,2,2
80,1,3,2,4,2,1,3,2,2
81,1,3,2,4,2,1,3,2,2
82,1,3,2,4,2,1,3,2,2
83,1,3,2,4,2,1,3,2,2
84,1,3,2,4,2,1,3,2,2
85,1,3,2,4,2,1,3,2,2
86,1,3,2,4,2,1,3,2,2
87,1,3,2,4,2,1,3,2,2
88,1,3,2,4,2,1,3,2,2
89,1,3,2,4,2,1,3,2,2
90,1,3,2,4,2,1,3,2,2
91,1,3,2,4,2,1,3,2,2
92,1,3,2,4,2,1,3,2,2
93,1,3,2,4,2,1,3,2,2
94,1,3,2,4,2,1,3,2,2
95,1,3,2,4,2,1,3,2,2
96,1,3,2,4,2,1,3,2,2
97,1,3,2,4,2,1,3,2,2
98,1,3,2,4,2,1,3,2,2
99,1,3,2,4,2,1,3,2,2
100,4,3,2,4,1,1,2,3,2
101,4,3,2,4,2,1,2,3,2
102,4,3,2,4,2,1,2,3,2
103,4,3,2,4,2,1,2,3,2
104,1,3,2,2,2,1,2,3,2
105,1,3,2,2,2,1,2,3,2
106,1,3,2,2,2,1,2,3,2
107,4,3,2,2,2,1,2,3,2
108,4,3,2,2,2,1,2,3,2
109,4,3,2,2,2,1,2,3,2
110,4,3,2,2,2,1,2,3,2
111,4,3,2,2,2,1,2,3,2
112,4,3,2,2,2,1,2,3,2
113,4,3,2,2,2,1,2,3,2
114,4,3,2,2,2,1,2,3,2
115,4,3,2,2,2,1,2,3,2
116,4,3,2,2,2,1,2,3,2
117,4,3,2,2,2,1,2,3,2
118,4,3,2,2,2,1,2,3,2
119,4,3,2,2,2,1,2,3,2
120,4,3,2,2,2,2,3,2,2
121,4,3,3,2,2,2,3,2,2
122,4,3,3,2,2,2,2,2,2
123,4,3,3,2,2,2,2,2,2
124,4,3,3,2,2,2,2,2,2
125,4,3,3,2,2,2,2,2,2
126,4,3,3,2,2,2,2,2,2
127,4,3,3,2,2,2,2,2,2
128,4,3,3,2,2,2,2,2,2
129,4,3,3,2,2,2,2,2,2
130,4,3,3,2,2,2,2,2,2
131,4,3,3,2,2,2,2,2,2
132,4,3,3,2,2,2,2,2,2
133,4,3,2,2,2,2,2,3,2
134,4,3,2,2,2,2,2,3,2
135,4,3,2,2,2,2,2,2,2
136,4,3,2,2,2,2,2,2,2
137,4,3,2,2,2,2,2,2,2
138,4,3,2,2,2,2,2,2,2
139,4,3,2,2,2,2,2,2,2
140,4,3,2,2,2,2,2,2,2
141,4,3,2,2,2,2,2,2,2
142,4,3,2,2,2,2,2,2,2
143,4,3,2,2,2,2,2,2,2
144,4,3,2,2,2,2,2,2,2
145,4,3,2,2,2,2,2,2,2
146,4,3,2,4,2,2,2,2,2
147,4,3,2,4,2,2,2,2,2
148,4,3,2,4,2,2,2,2,2
149,4,3,2,4,2,2,2,2,2
150,4,3,2,4,2,2,2,2,2
151,4,3,2,4,2,2,2,2,2
152,4,3,2,4,2,2,2,2,2
153,4,3,2,4,2,1,2,2,2
154,4,3,2,4,2,1,2,2,2
155,4,3,2,4,2,1,2,2,2
156,4,3,2,4,2,1,2,2,2
157,4,3,2,4,2,1,2,2,2
158,4,3,2,4,2,1,2,2,2
159,4,3,2,4,2,1,2,2,2
160,4,3,2,4,2,1,2,2,2
161,4,3,2,4,2,1,2,2,2
162,4,3,2,4,2,1,2,2,2
163,4,3,2,4,2,1,2,2,2
164,4,3,2,4,2,1,2,2,2
165,4,3,2,4,2,1,2,2,2
166,4,3,2,4,2,1,2,2,2
167,4,3,2,4,2,1,2,2,2
168,4,3,2,4,2,1,2,2,2
169,4,3,2,4,2,1,2,2,2
170,4,3,2,4,2,1,2,2,2
171,4,3,2,4,2,1,2,2,2
172,4,3,2,4,2,1,2,2,2
173,4,3,2,4,2,1,2,2,2
174,4,3,2,4,2,1,2,2,2
175,4,3,2,4,2,1,2,2,2
176,4,3,2,4,2,1,2,2,2
177,4,3,2,4,2,1,2,2,2
178,4,3,2,4,2,1,2,2,2
179,4,3,2,4,2,1,2,2,2
180,4,3,2,4,2,1,2,2,2
181,4,3,2,4,2,1,2,2,2
182,4,3,2,4,2,1,2,2,2
183,4,3,2,4,2,1,2,2,2
184,4,3,2,4,2,1,2,2,2
185,4,3,2,4,2,1,2,2,2
186,4,3,2,4,2,1,2,2,2
187,4,3,2,4,2,1,2,2,2
188,4,3,2,4,2,1,2,2,2
189,4,3,2,4,2,1,2,2,2
190,4,3,2,4,2,1,2,2,2
191,4,3,2,4,2,1,2,2,2
192,4,3,2,4,2,1,2,2,2
193,4,3,2,4,2,1,2,2,2
194,4,3,2,4,2,1,2,2,2
195,4,3,2,4,2,1,2,2,2
196,4,3,2,4,2,1,2,2,2
197,4,3,2,4,2,1,2,2,2
198,4,3,2,4,2,1,2,2,2
199,4,3,2,4,2,1,2,2,2
200,4,3,2,4,2,1,2,2,2
201,4,3,2,4,2,1,2,2,2
202,4,3,2,4,2,1,2,2,2
203,4,3,2,4,2,1,2,2,2
204,4,3,2,4,2,1,2,2,2
205,4,3,2,4,2,1,2,2,2
206,4,3,2,4,2,1,2,2,2
207,4,3,2,4,2,1,2,2,2
208,4,3,2,4,2,1,2,2,2
209,4,3,2,4,2,1,2,2,2
210,4,3,2,4,2,1,2,2,2
211,4,3,2,4,2,1,2,2,2
212,4,3,2,4,2,1,2,2,2
213,4,3,2,4,2,1,2,2,2
214,4,3,2,4,2,1,2,2,2
215,4,3,2,4,2,1,2,2,2
216,4,3,2,4,2,1,2,2,2
217,4,3,2,4,2,1,2,2,2
218,4,3,2,4,2,1,2,2,2
219,4,3,2,4,2,1,2,2,2
220,4,3,2,2,2,1,3,2,2
221,4,3,2,2,2,1,3,2,2
222,4,3,2,2,2,1,3,2,2
223,4,3,2,2,2,1,3,2,2
224,4,3,2,2,2,1,3,2,2
225,4,3,2,2,2,1,3,2,2
226,4,3,2,2,2,1,2,2,2
227,4,3,2,2,2,1,2,2,2
228,4,3,2,2,2,1,2,2,2
229,4,3,2,2,2,1,2,2,2
230,4,3,2,2,2,1,2,2,2
231,4,3,2,2,2,1,2,2,2
232,4,3,2,2,2,1,2,2,2
233,4,3,2,2,2,1,2,2,2
234,4,3,2,2,2,1,2,2,2
235,4,3,2,2,2,1,2,2,2
236,4,3,2,2,2,1,2,2,2
237,4,3,2,2,2,1,2,2,2
238,4,3,2,2,2,1,2,2,2
239,4,3,2,2,2,1,2,2,2
240,4,3,2,2,2,1,2,2,2
241,4,3,2,2,2,1,2,2,2
242,4,3,2,2,2,1,2,2,2
243,4,3,2,2,2,1,2,2,2
244,4,3,2,2,2,1,2,2,2
245,4,3,2,2,2,1,2,2,2
246,4,3,2,2,2,1,2,2,2
247,4,3,2,2,2,1,2,2,2
248,4,3,2,2,2,1,2,2,2
249,4,3,2,2,2,1,2,2,2
250,4,3,2,2,2,1,2,2,2
251,4,3,2,2,2,1,2,2,2
252,4,3,2,2,2,1,2,2,2
253,4,3,2,2,2,1,2,2,2
254,4,3,2,2,2,1,2,2,2
255,4,3,2,2,2,1,2,2,2
256,4,3,2,2,2,1,2,2,2
257,4,3,2,2,2,1,2,2,2
258,4,3,2,2,2,1,2,2,2
259,4,3,2,2,2,1,2,2,2
260,4,3,2,2,2,1,2,2,2
261,4,3,2,2,2,1,2,2,2
262,4,3,2,2,2,1,2,2,2
263,4,3,2,2,2,1,2,2,2
264,4,3,2,2,2,1,2,2,2
265,4,3,2,2,2,1,2,2,2
266,4,3,2,2,2,1,2,2,2
267,4,3,2,2,2,1,2,2,2
268,4,3,2,2,2,1,2,2,2
269,4,3,2,2,2,1,2,2,2
270,4,3,2,2,2,1,2,2,2
271,4,3,2,2,2,1,2,2,2
272,4,3,2,2,2,1,2,2,2
273,4,3,2,2,2,1,2,2,2
274,4,3,2,2,2,1,2,2,2
275,4,3,2,2,2,1,2,2,2
276,4,3,2,2,2,1,2,2,2
277,4,3,2,2,2,1,2,2,2
278,4,3,2,2,2,1,2,2,2
279,4,3,2,2,2,1,2,2,2
280,4,3,2,2,2,1,2,2,2
281,4,3,2,2,2,1,2,2,2
282,4,3,2,2,2,1,2,2,2
283,4,3,2,2,2,1,2,2,2
284,4,3,2,2,2,1,2,2,2
285,4,3,2,2,2,1,2,2,2
286,4,3,2,2,2,1,2,2,2
287,4,3,2,2,2,1,2,2,2
288,4,3,2,2,2,1,2,2,2
289,4,3,2,2,2,1,2,2,2
290,4,3,2,2,2,1,2,2,2
291,4,3,2,2,2,1,2,2,2
292,4,3,2,2,2,1,2,2,2
293,4,3,2,2,2,2,2,2,3
294,4,3,2,2,2,2,2,2,3
295,4,3,2,2,2,2,2,2,3
296,4,3,2,4,2,2,2,2,3
297,4,3,2,4,2,2,2,2,3
298,4,3,2,4,2,2,2,2,3
299,4,3,2,4,2,2,2,2,3
300,4,3,2,4,2,2,2,2,3
301,4,3,2,4,2,2,2,2,3
302,4,3,2,2,2,1,3,2,3
303,4,3,2,2,2,2,3,2,3
304,4,3,2,4,1,1,2,2,3
305,4,3,2,4,1,1,2,2,3
306,4,3,2,4,1,1,2,2,3
307,4,3,2,4,2,1,2,2,3
308,4,3,2,4,2,1,2,2,3
309,4,3,2,4,2,1,2,2,3
310,4,3,2,4,2,1,2,2,3
311,4,3,2,4,2,1,2,2,3
312,4,3,2,4,2,1,2,2,3
313,4,3,2,4,2,1,2,2,3
314,4,3,2,4,2,1,2,2,3
315,4,2,2,4,2,1,2,2,3
316,4,3,2,2,2,1,2,2,3
317,4,3,2,2,2,1,2,2,3
318,4,3,2,2,2,1,2,2,3
319,4,3,2,2,2,1,2,2,3
320,4,3,2,2,2,1,2,2,3
321,4,3,2,2,2,1,2,2,3
322,4,3,2,2,2,1,2,2,3
323,4,3,2,2,2,1,2,2,3
324,4,3,2,2,2,1,2,2,3
325,4,3,2,2,2,1,2,2,3
326,4,3,2,2,2,1,2,2,3
327,4,3,2,2,2,1,2,2,3
328,4,3,2,2,2,1,2,2,3
329,4,3,2,2,2,1,2,2,3
330,4,3,2,2,2,1,2,2,3
331,4,3,2,2,2,1,2,2,3
332,4,3,2,2,1,1,2,2,3
333,4,3,2,2,1,1,2,2,3
334,4,3,2,2,1,1,2,2,3
335,4,3,2,2,1,1,2,2,3
336,4,3,2,2,1,1,2,2,3
337,4,3,2,2,1,1,3,3,3
338,4,3,2,2,1,1,3,3,3
339,4,3,2,2,1,1,3,3,3
340,4,3,2,4,1,1,3,3,3
341,4,3,2,4,1,1,3,3,3
342,4,3,2,4,1,1,3,3,3
343,4,3,2,4,1,1,3,3,3
344,4,3,2,4,1,1,3,3,3
345,4,3,2,4,2,1,3,3,2
346,4,3,2,4,2,1,3,3,2
347,4,3,2,4,2,1,3,3,2
348,4,3,2,4,2,1,3,2,2
349,4,3,2,4,2,1,3,2,2
350,4,3,2,4,2,1,3,2,2
351,4,3,2,4,2,1,3,2,2
352,4,3,2,4,2,1,3,2,2
353,4,3,2,4,2,1,3,2,2
354,4,3,2,4,2,1,3,2,2
355,4,3,2,4,2,1,3,2,2
356,4,3,2,4,2,1,3,2,2
357,4,3,2,4,2,1,3,2,2
358,4,3,2,4,2,1,3,2,2
359,4,3,2,4,2,1,3,2,2
360,4,3,2,4,2,1,3,2,2
361,4,3,2,4,2,1,3,2,2
362,4,3,2,4,2,1,3,2,2
363,4,3,2,4,2,1,3,2,2
364,4,3,2,4,2,1,3,2,2
365,4,3,2,4,2,1,3,2,2
366,4,3,2,4,2,1,3,2,2
367,4,3,2,4,2,1,3,2,2
368,4,3,2,4,2,1,3,2,2
369,4,3,2,4,2,1,3,2,2
370,4,3,2,4,2,1,3,2,2
371,4,3,2,4,2,1,3,2,2
372,4,3,2,4,2,1,3,3,3
373,4,3,2,4,2,1,3,3,3
374,4,3,2,4,2,1,3,3,3
375,4,3,3,4,2,1,3,3,3
376,4,3,3,4,2,1,3,3,3
377,4,3,2,4,2,1,3,2,3
378,4,3,2,4,2,1,3,2,3
379,4,3,2,4,2,1,3,2,3
380,4,3,2,4,2,1,3,2,3
381,4,3,2,4,2,1,3,2,3
382,4,3,2,4,2,1,3,2,3
383,4,3,2,4,2,1,3,2,3
384,4,3,2,4,2,1,3,2,3
385,4,3,2,4,2,1,3,2,3
386,4,3,2,4,2,1,3,2,3
387,4,3,2,4,2,1,3,2,3
388,4,3,2,4,2,1,3,2,3
389,4,3,2,4,2,1,3,2,3
390,4,3,2,4,2,1,3,2,3
391,4,3,2,4,2,1,3,2,3
392,4,3,3,2,2,1,2,2,3
393,4,3,3,2,2,1,2,2,3
394,4,3,3,2,2,1,2,2,3
395,4,3,3,2,2,1,2,2,3
396,4,3,3,2,2,1,2,2,3
397,4,3,3,2,2,1,2,2,3
398,4,3,3,2,2,1,2,2,3
399,4,3,3,2,2,1,2,2,2
400,4,3,3,2,2,1,2,2,2
401,4,3,3,2,2,1,2,2,2
402,4,3,3,2,2,1,2,2,2
403,4,3,3,2,2,1,2,2,2
404,4,3,3,2,2,1,2,2,2
405,4,3,3,2,2,1,2,2,2
406,4,3,3,2,2,1,3,2,2
407,4,3,3,2,2,1,3,3,2
408,4,3,3,2,2,1,2,3,2
409,4,3,3,2,2,1,2,3,2
410,4,3,3,2,2,2,3,3,3
411,4,3,3,2,2,2,3,3,3
412,4,3,3,2,2,2,3,3,3
413,4,3,3,2,2,2,3,3,3
414,4,3,3,2,2,2,3,3,3
415,4,3,3,2,2,2,3,3,3
416,4,3,3,2,2,2,3,3,3
417,4,3,3,2,2,1,3,3,3
418,4,3,3,2,2,2,3,2,3
419,4,3,3,2,2,2,3,2,3
420,4,3,3,2,2,2,3,2,3
421,4,3,3,2,2,2,3,2,3
422,4,3,3,2,2,2,3,2,3
423,4,3,3,2,2,2,3,2,3
424,4,3,3,2,2,2,3,2,3
425,4,3,3,2,2,2,3,2,3
426,4,3,3,2,2,2,3,2,3
427,4,3,3,2,2,2,3,2,3
428,4,3,3,2,2,2,3,2,3
429,4,3,3,2,2,2,3,2,3
430,4,3,3,2,2,2,3,2,3
431,4,3,3,2,2,1,3,2,3
432,4,3,3,2,2,1,3,2,3
433,4,3,3,2,2,1,3,2,3
434,4,3,3,2,2,1,3,2,3
435,4,3,3,2,2,1,3,2,3
436,4,3,3,2,2,1,3,2,3
437,4,3,3,2,2,1,3,2,3
438,4,2,3,2,2,2,2,2,3
439,4,3,3,2,2,2,2,2,3
440,4,3,3,2,2,2,2,2,3
441,4,3,3,2,2,2,2,2,3
442,4,3,3,2,2,2,2,2,3
443,4,3,3,2,2,2,2,2,3
444,4,3,3,2,2,2,2,2,3
445,4,3,3,2,2,2,2,2,3
446,4,3,3,2,2,2,2,2,3
447,4,3,3,2,2,2,2,2,3
448,4,3,3,2,2,2,2,2,3
449,4,3,3,2,2,2,2,2,3
450,4,3,3,2,2,2,2,2,3
451,4,3,3,2,2,2,2,2,3
452,4,3,3,2,2,2,2,2,3
453,4,3,3,2,2,2,2,2,3
454,4,3,3,2,2,2,2,2,3
455,4,3,3,2,2,2,2,2,3
456,4,3,3,2,2,2,2,2,3
457,4,3,3,2,2,2,2,2,3
458,4,3,3,4,2,2,2,3,3
459,4,3,3,2,2,2,2,3,3
460,4,3,2,2,2,1,2,3,3
461,4,3,2,2,2,1,2,3,3
462,4,3,3,2,2,1,2,3,3
463,4,3,3,2,2,1,2,3,3
464,4,3,3,2,2,1,2,3,3
465,4,3,3,2,2,1,2,3,3
466,4,3,3,2,2,1,2,3,3
467,4,3,2,2,2,2,2,3,3
468,4,3,2,2,2,2,2,3,3
469,4,3,2,2,2,2,2,3,3
470,4,3,2,2,2,2,2,3,3
471,4,3,2,2,2,2,2,3,3
472,4,3,2,2,2,2,3,3,3
473,4,3,2,2,2,2,3,3,3
474,4,3,2,4,2,2,3,3,3
475,4,3,3,4,2,2,3,3,3
476,4,3,3,4,2,2,3,3,3
477,4,3,3,4,2,2,3,3,3
478,4,3,3,4,2,2,3,3,3
479,4,3,3,4,2,2,3,3,3
480,4,3,3,4,2,2,3,3,3
481,4,3,3,4,2,2,3,3,3
482,4,3,3,4,2,2,3,3,3
483,4,3,3,4,2,2,2,3,2
484,4,3,3,4,2,2,3,3,2
485,4,3,3,4,2,2,3,2,2
486,4,3,3,4,2,1,3,2,2
487,4,3,3,4,2,1,2,2,2
488,4,3,3,4,2,1,2,2,2
489,4,3,3,4,2,1,2,2,2
490,4,3,3,4,2,1,2,2,2
491,4,3,3,4,2,1,2,2,2
492,4,3,3,4,2,1,2,2,2
493,4,3,3,4,2,1,3,2,3
494,4,3,3,4,2,1,3,2,3
495,4,3,3,4,2,1,2,2,3
496,4,3,3,4,2,1,2,2,3
497,4,3,3,4,2,1,2,2,3
498,4,3,3,4,2,1,2,2,3
499,4,3,3,4,2,1,2,2,3
500,4,3,3,4,2,2,2,2,3
501,4,3,3,4,2,2,2,2,3
502,4,3,3,4,2,2,2,2,3
503,4,3,3,4,2,2,2,2,3
504,4,3,3,4,2,2,2,2,2
505,4,3,3,4,2,2,2,2,2
506,4,3,3,4,2,2,2,2,2
507,4,3,3,4,2,2,2,2,2
508,4,3,3,4,2,2,2,2,2
509,4,2,3,4,2,2,3,2,3
510,4,3,3,4,2,2,3,2,3
511,4,3,3,4,2,2,3,2,3
512,4,3,3,4,2,2,3,2,3
513,4,3,3,4,2,2,3,2,3
514,4,3,3,4,2,2,3,2,3
515,4,3,3,4,2,2,3,2,3
516,4,3,3,4,2,2,3,2,3
517,4,3,3,4,2,2,3,2,3
518,4,3,3,4,2,2,3,2,3
519,4,3,3,4,2,2,3,2,3
520,4,3,3,4,2,2,3,2,3
521,4,3,3,4,2,2,3,2,3
522,4,3,3,4,2,2,3,2,3
523,4,3,3,4,2,2,3,2,3
524,4,3,3,4,2,2,3,2,3
525,4,3,3,4,2,2,3,2,3
526,4,3,3,4,2,2,3,2,3
527,4,3,3,4,2,2,3,2,3
528,4,3,3,4,2,2,3,2,3
