,0
0,5
1,8
2,7
3,7
4,7
5,7
6,7
7,7
8,8
9,7
10,7
11,7
12,7
13,7
14,5
15,8
16,7
17,7
18,8
19,7
20,7
21,7
22,7
23,7
24,7
25,8
26,7
27,7
28,8
29,8
30,7
31,8
32,8
33,8
34,8
35,8
36,8
37,8
38,8
39,8
40,8
41,8
42,8
43,7
44,8
45,8
46,8
47,8
48,8
49,8
50,8
51,4
52,5
53,5
54,1
55,6
56,7
57,7
58,7
59,6
60,7
61,6
62,7
63,6
64,7
65,6
66,7
67,7
68,7
69,7
70,7
71,7
72,7
73,7
74,7
75,7
76,7
77,7
78,7
79,7
80,5
81,7
82,7
83,6
84,7
85,7
86,7
87,7
88,7
89,7
90,7
91,7
92,6
93,7
94,7
95,7
96,6
97,5
98,7
99,6
100,7
101,1
102,4
103,1
104,1
105,1
106,4
107,1
108,2
109,1
110,1
111,1
112,1
113,1
114,1
115,1
116,1
117,1
118,1
119,1
120,3
121,0
122,3
123,1
124,3
125,1
126,1
127,1
128,4
129,1
130,4
131,4
132,4
133,4
134,4
135,2
136,4
137,4
138,1
139,1
140,2
141,4
142,4
143,3
144,3
145,4
146,2
147,3
148,5
149,4
150,2
151,4
152,2
153,4
154,2
155,4
156,2
157,2
158,2
159,4
160,2
161,1
162,2
163,4
164,4
165,2
166,2
167,2
168,2
169,8
170,4
171,2
172,1
173,2
174,4
175,2
176,4
177,1
178,2
179,4
180,4
181,4
182,2
183,2
184,8
185,2
186,4
187,4
188,1
189,2
190,4
191,2
192,4
193,2
194,2
195,4
196,2
197,4
198,2
199,2
200,2
201,2
202,4
203,4
204,2
205,4
206,2
207,2
208,1
209,4
210,2
211,2
212,4
213,4
214,4
215,1
216,2
217,2
218,2
219,4
220,2
221,1
222,4
223,7
224,4
225,5
226,4
227,4
228,2
229,4
230,4
231,4
232,4
233,5
234,2
235,2
236,4
237,2
238,1
239,2
240,2
241,4
242,2
243,4
244,1
245,2
246,4
247,1
248,3
249,2
250,2
251,2
252,4
253,2
254,2
255,2
256,2
257,4
258,2
259,4
260,1
261,1
262,2
263,1
264,2
265,4
266,2
267,2
268,2
269,2
270,4
271,1
272,1
273,8
274,1
275,4
276,2
277,2
278,4
279,4
280,4
281,4
282,4
283,2
284,4
285,1
286,4
287,2
288,2
289,2
290,4
291,4
292,4
293,4
294,1
295,4
296,1
297,4
298,5
299,5
300,4
301,1
302,4
303,1
304,8
305,8
306,8
307,4
308,2
309,4
310,4
311,8
312,4
313,8
314,4
315,4
316,4
317,4
318,4
319,4
320,1
321,3
322,1
323,1
324,4
325,1
326,1
327,4
328,1
329,4
330,4
331,2
332,8
333,8
334,8
335,8
336,8
337,7
338,6
339,7
340,7
341,7
342,7
343,7
344,7
345,7
346,7
347,7
348,7
349,7
350,7
351,7
352,7
353,7
354,8
355,7
356,7
357,4
358,7
359,2
360,8
361,6
362,8
363,7
364,7
365,8
366,7
367,7
368,7
369,6
370,4
371,7
372,9
373,6
374,6
375,9
376,9
377,7
378,7
379,6
380,7
381,7
382,7
383,7
384,6
385,6
386,6
387,7
388,6
389,5
390,7
391,7
392,1
393,4
394,1
395,1
396,4
397,4
398,1
399,4
400,1
401,1
402,1
403,1
404,1
405,4
406,4
407,6
408,1
409,1
410,9
411,0
412,0
413,9
414,9
415,9
416,0
417,9
418,0
419,4
420,0
421,0
422,0
423,0
424,0
425,0
426,0
427,0
428,0
429,0
430,0
431,0
432,4
433,0
434,4
435,4
436,9
437,4
438,1
439,1
440,1
441,1
442,4
443,1
444,1
445,1
446,4
447,4
448,1
449,1
450,1
451,1
452,4
453,1
454,4
455,4
456,1
457,4
458,0
459,1
460,1
461,4
462,1
463,1
464,1
465,1
466,1
467,1
468,1
469,1
470,1
471,1
472,5
473,1
474,9
475,9
476,9
477,0
478,9
479,0
480,0
481,0
482,0
483,5
484,9
485,0
486,4
487,4
488,3
489,4
490,4
491,4
492,1
493,0
494,0
495,1
496,2
497,1
498,3
499,4
500,1
501,1
502,1
503,1
504,4
505,3
506,2
507,3
508,3
509,0
510,0
511,0
512,0
513,4
514,0
515,0
516,0
517,0
518,0
519,0
520,0
521,0
522,0
523,0
524,0
525,0
526,0
527,0
528,0
